,Adipose_Subcutaneous,Adipose_Visceral_Omentum,Adrenal_Gland,Artery_Aorta,Artery_Coronary,Artery_Tibial,Brain_Amygdala,Brain_Anterior_cingulate_cortex_BA24,Brain_Caudate_basal_ganglia,Brain_Cerebellar_Hemisphere,Brain_Cerebellum,Brain_Cortex,Brain_Frontal_Cortex_BA9,Brain_Hippocampus,Brain_Hypothalamus,Brain_Nucleus_accumbens_basal_ganglia,Brain_Putamen_basal_ganglia,Brain_Spinal_cord_cervical_c_1,Brain_Substantia_nigra,Breast_Mammary_Tissue,Cells_Cultured_fibroblasts,Cells_EBV_transformed_lymphocytes,Colon_Sigmoid,Colon_Transverse,Esophagus_Gastroesophageal_Junction,Esophagus_Mucosa,Esophagus_Muscularis,Heart_Atrial_Appendage,Heart_Left_Ventricle,Kidney_Cortex,Liver,Lung,Minor_Salivary_Gland,Muscle_Skeletal,Nerve_Tibial,Ovary,Pancreas,Pituitary,Prostate,Skin_Not_Sun_Exposed_Suprapubic,Skin_Sun_Exposed_Lower_leg,Small_Intestine_Terminal_Ileum,Spleen,Stomach,Testis,Thyroid,Uterus,Vagina,Whole_Blood
Adipose_Subcutaneous,1.0,0.0134,0.012459,0.018043,0.013018,0.027871,0.009355,0.012812,0.013005,0.008932,0.013986,0.010865,0.010484,0.012074,0.014486,0.010672,0.00274,0.00993,0.013253,0.025641,0.010309,0.008245,0.020569,0.019891,0.026125,0.023256,0.025445,0.01107,0.022444,0.0,0.010977,0.037453,0.009725,0.007692,0.021978,0.017418,0.007246,0.010767,0.018433,0.024048,0.030631,0.013092,0.007852,0.02451,0.014274,0.011712,0.007479,0.017173,0.0
Adipose_Visceral_Omentum,0.0134,1.0,0.041553,0.062791,0.062882,0.049918,0.042596,0.019958,0.059293,0.04222,0.036568,0.033825,0.015758,0.021961,0.025289,0.026028,0.0,0.040418,0.036738,0.010084,0.033764,0.025919,0.066112,0.089431,0.082977,0.075055,0.036412,0.03252,0.03629,0.001175,0.071757,0.075812,0.02728,0.0,0.039409,0.05596,0.050642,0.028677,0.038365,0.054414,0.078613,0.0625,0.047872,0.007067,0.014851,0.048763,0.019453,0.041811,0.0
Adrenal_Gland,0.012459,0.041553,1.0,0.105915,0.08779,0.082319,0.098281,0.066642,0.095546,0.105181,0.120168,0.072896,0.06402,0.092968,0.078692,0.07698,0.005432,0.100883,0.077136,0.0253,0.060187,0.063222,0.105968,0.112181,0.134615,0.097394,0.084449,0.024073,0.031986,0.004561,0.111702,0.100155,0.071159,0.002803,0.102693,0.116067,0.050523,0.058308,0.081724,0.055361,0.044643,0.082622,0.084366,0.011394,0.067467,0.075455,0.069698,0.09249,0.002791
Artery_Aorta,0.018043,0.062791,0.105915,1.0,0.120151,0.114865,0.090198,0.052948,0.10096,0.102099,0.093807,0.076369,0.055592,0.072972,0.057524,0.054728,0.008249,0.101697,0.069979,0.018093,0.048292,0.063991,0.119332,0.134442,0.137128,0.093691,0.088519,0.022541,0.032238,0.00352,0.092593,0.091392,0.062684,0.000739,0.089427,0.113703,0.048496,0.055615,0.062532,0.049002,0.048481,0.094265,0.065077,0.010586,0.049497,0.090656,0.065587,0.090968,0.001473
Artery_Coronary,0.013018,0.062882,0.08779,0.120151,1.0,0.091815,0.057418,0.038844,0.063192,0.06199,0.06675,0.053981,0.035756,0.049727,0.048393,0.038318,0.005139,0.05361,0.04797,0.036496,0.049689,0.038198,0.079971,0.094533,0.136925,0.097436,0.100932,0.046045,0.037563,0.001024,0.066255,0.116009,0.047852,0.001348,0.053659,0.080975,0.065513,0.042049,0.061746,0.077735,0.055258,0.069944,0.076596,0.007362,0.043598,0.060513,0.048209,0.043743,0.005369
Artery_Tibial,0.027871,0.049918,0.082319,0.114865,0.091815,1.0,0.065016,0.04826,0.07519,0.06553,0.076033,0.058043,0.050544,0.069415,0.06444,0.047619,0.002882,0.070345,0.050962,0.027996,0.055923,0.045074,0.09614,0.093788,0.146301,0.100248,0.12,0.031419,0.051208,0.000991,0.071337,0.090318,0.054333,0.001238,0.097919,0.081633,0.035281,0.053058,0.068399,0.067325,0.058425,0.061598,0.053959,0.011403,0.058983,0.09284,0.052174,0.072478,0.003695
Brain_Amygdala,0.009355,0.042596,0.098281,0.090198,0.057418,0.065016,1.0,0.204318,0.219132,0.21634,0.221037,0.202753,0.185211,0.253863,0.178513,0.190328,0.033857,0.199871,0.180501,0.01348,0.054663,0.071897,0.122944,0.126899,0.111756,0.072308,0.063252,0.021257,0.040037,0.010723,0.112552,0.061043,0.061551,0.001924,0.07481,0.122135,0.060176,0.045226,0.054679,0.03853,0.032137,0.099941,0.068138,0.007235,0.059261,0.058642,0.08282,0.120151,0.00128
Brain_Anterior_cingulate_cortex_BA24,0.012812,0.019958,0.066642,0.052948,0.038844,0.04826,0.204318,1.0,0.138776,0.108024,0.135932,0.210377,0.281846,0.199713,0.169039,0.200896,0.055143,0.084729,0.164767,0.018734,0.036481,0.03526,0.076585,0.090792,0.07419,0.054522,0.057749,0.01962,0.048619,0.011703,0.06116,0.046837,0.039632,0.002048,0.053694,0.069641,0.046134,0.040359,0.034467,0.035874,0.024691,0.050569,0.045645,0.003896,0.047657,0.047254,0.047526,0.064218,0.001359
Brain_Caudate_basal_ganglia,0.013005,0.059293,0.095546,0.10096,0.063192,0.07519,0.219132,0.138776,1.0,0.264319,0.255674,0.191056,0.146964,0.210896,0.146337,0.17488,0.025844,0.235048,0.192655,0.013258,0.06337,0.083101,0.141731,0.152071,0.131066,0.09385,0.069049,0.019376,0.040206,0.008808,0.141327,0.074564,0.074018,0.0012,0.073049,0.148209,0.077599,0.046298,0.053938,0.039516,0.043439,0.134331,0.085839,0.007111,0.068072,0.068944,0.099605,0.145304,0.001198
Brain_Cerebellar_Hemisphere,0.008932,0.04222,0.105181,0.102099,0.06199,0.06553,0.21634,0.108024,0.264319,1.0,0.417481,0.181083,0.141192,0.178285,0.124721,0.116385,0.014135,0.277334,0.179729,0.008408,0.059438,0.1027,0.132775,0.136507,0.112163,0.081386,0.051031,0.014363,0.025433,0.008527,0.134229,0.059589,0.084957,0.000709,0.071913,0.146404,0.065413,0.039987,0.05055,0.033962,0.033786,0.123552,0.08571,0.004209,0.067714,0.056316,0.117503,0.14989,0.001062
Brain_Cerebellum,0.013986,0.036568,0.120168,0.093807,0.06675,0.076033,0.221037,0.135932,0.255674,0.417481,1.0,0.195833,0.176325,0.238695,0.177866,0.13412,0.020458,0.257372,0.190376,0.012082,0.064389,0.096392,0.157298,0.157708,0.115759,0.089492,0.068698,0.01467,0.032866,0.009842,0.133217,0.070889,0.096845,0.001335,0.089052,0.151713,0.070962,0.055166,0.062644,0.041998,0.040958,0.119584,0.089741,0.00699,0.08788,0.07897,0.110815,0.159194,0.001715
Brain_Cortex,0.010865,0.033825,0.072896,0.076369,0.053981,0.058043,0.202753,0.210377,0.191056,0.181083,0.195833,1.0,0.293161,0.213659,0.161578,0.172664,0.034971,0.136382,0.152445,0.013743,0.038163,0.047433,0.083628,0.102348,0.098121,0.06785,0.049863,0.022115,0.04,0.012619,0.076504,0.060212,0.059145,0.001252,0.055521,0.080074,0.054602,0.033196,0.040607,0.033854,0.034985,0.074814,0.056864,0.00324,0.057859,0.048223,0.069141,0.07371,0.000416
Brain_Frontal_Cortex_BA9,0.010484,0.015758,0.06402,0.055592,0.035756,0.050544,0.185211,0.281846,0.146964,0.141192,0.176325,0.293161,1.0,0.253723,0.18354,0.217235,0.056622,0.096704,0.13755,0.015586,0.031397,0.038204,0.069163,0.07071,0.074697,0.057269,0.050792,0.016329,0.039886,0.017595,0.054989,0.040654,0.053856,0.001048,0.05118,0.058026,0.039914,0.041135,0.041439,0.028276,0.022164,0.046004,0.047244,0.00607,0.05738,0.041248,0.058556,0.060064,0.001044
Brain_Hippocampus,0.012074,0.021961,0.092968,0.072972,0.049727,0.069415,0.253863,0.199713,0.210896,0.178285,0.238695,0.213659,0.253723,1.0,0.27741,0.193658,0.038798,0.153657,0.188533,0.017883,0.053776,0.067464,0.115428,0.114915,0.107133,0.085212,0.072956,0.018388,0.044321,0.011786,0.094132,0.073392,0.071674,0.001464,0.07448,0.095313,0.062286,0.054997,0.064349,0.039693,0.035516,0.07846,0.068901,0.007877,0.086106,0.076501,0.082397,0.113487,0.001826
Brain_Hypothalamus,0.014486,0.025289,0.078692,0.057524,0.048393,0.06444,0.178513,0.169039,0.146337,0.124721,0.177866,0.161578,0.18354,0.27741,1.0,0.148411,0.029651,0.112899,0.16092,0.01655,0.055637,0.056014,0.089683,0.105096,0.102273,0.083709,0.08403,0.027418,0.053717,0.009352,0.086787,0.075596,0.062341,0.001044,0.057174,0.083921,0.059576,0.044874,0.056985,0.039819,0.036012,0.059218,0.062438,0.0091,0.066064,0.064375,0.068378,0.088434,0.003652
Brain_Nucleus_accumbens_basal_ganglia,0.010672,0.026028,0.07698,0.054728,0.038318,0.047619,0.190328,0.200896,0.17488,0.116385,0.13412,0.172664,0.217235,0.193658,0.148411,1.0,0.061925,0.088381,0.120057,0.009428,0.036911,0.04019,0.074375,0.079621,0.075019,0.052048,0.05642,0.019267,0.041642,0.008563,0.063768,0.040739,0.039601,0.002008,0.052141,0.066258,0.033361,0.045432,0.037344,0.03416,0.022691,0.047432,0.045147,0.007678,0.046696,0.040552,0.050719,0.068415,0.003338
Brain_Putamen_basal_ganglia,0.00274,0.0,0.005432,0.008249,0.005139,0.002882,0.033857,0.055143,0.025844,0.014135,0.020458,0.034971,0.056622,0.038798,0.029651,0.061925,1.0,0.012443,0.026804,0.005556,0.010952,0.00976,0.008217,0.006951,0.011192,0.004108,0.004329,0.002532,0.007576,0.008953,0.0054,0.0,0.007627,0.0,0.012265,0.005512,0.001623,0.00576,0.007007,0.001582,0.001443,0.006213,0.005902,0.0,0.011552,0.008097,0.00507,0.009659,0.0
Brain_Spinal_cord_cervical_c_1,0.00993,0.040418,0.100883,0.101697,0.05361,0.070345,0.199871,0.084729,0.235048,0.277334,0.257372,0.136382,0.096704,0.153657,0.112899,0.088381,0.012443,1.0,0.18566,0.009774,0.066149,0.112113,0.134324,0.123062,0.105754,0.075053,0.051278,0.013274,0.022594,0.008856,0.14923,0.057695,0.087236,0.000485,0.074069,0.152454,0.064708,0.041902,0.058196,0.028478,0.034139,0.120665,0.079434,0.00529,0.073874,0.073189,0.106693,0.177757,0.000161
Brain_Substantia_nigra,0.013253,0.036738,0.077136,0.069979,0.04797,0.050962,0.180501,0.164767,0.192655,0.179729,0.190376,0.152445,0.13755,0.188533,0.16092,0.120057,0.026804,0.18566,1.0,0.010526,0.059031,0.077069,0.103867,0.12072,0.088595,0.074065,0.057936,0.014649,0.030657,0.012707,0.10431,0.051077,0.060863,0.000616,0.046443,0.108506,0.063317,0.032818,0.048168,0.028029,0.034174,0.093346,0.080334,0.004829,0.05669,0.056524,0.077166,0.108637,0.002154
Breast_Mammary_Tissue,0.025641,0.010084,0.0253,0.018093,0.036496,0.027996,0.01348,0.018734,0.013258,0.008408,0.012082,0.013743,0.015586,0.017883,0.01655,0.009428,0.005556,0.009774,0.010526,1.0,0.016083,0.006279,0.01615,0.015377,0.029949,0.032988,0.034839,0.022727,0.02267,0.0,0.015226,0.056194,0.019239,0.007937,0.02112,0.016399,0.014652,0.0191,0.034078,0.022177,0.023423,0.008833,0.015141,0.009852,0.023274,0.017273,0.01026,0.011041,0.007576
Cells_Cultured_fibroblasts,0.010309,0.033764,0.060187,0.048292,0.049689,0.055923,0.054663,0.036481,0.06337,0.059438,0.064389,0.038163,0.031397,0.053776,0.055637,0.036911,0.010952,0.066149,0.059031,0.016083,1.0,0.05,0.067071,0.05639,0.064898,0.063222,0.040609,0.027829,0.04802,0.003226,0.060835,0.059834,0.038685,0.001037,0.041667,0.06123,0.047927,0.040709,0.0482,0.042636,0.037638,0.049364,0.056444,0.008704,0.043457,0.047084,0.033934,0.063337,0.004137
Cells_EBV_transformed_lymphocytes,0.008245,0.025919,0.063222,0.063991,0.038198,0.045074,0.071897,0.03526,0.083101,0.1027,0.096392,0.047433,0.038204,0.067464,0.056014,0.04019,0.00976,0.112113,0.077069,0.006279,0.05,1.0,0.076034,0.066293,0.055336,0.038835,0.029267,0.007758,0.011843,0.009637,0.081871,0.033071,0.058876,0.000407,0.054568,0.09884,0.040266,0.031533,0.042913,0.024946,0.02477,0.079756,0.058957,0.00476,0.039827,0.05639,0.062604,0.114642,0.001221
Colon_Sigmoid,0.020569,0.066112,0.105968,0.119332,0.079971,0.09614,0.122944,0.076585,0.141731,0.132775,0.157298,0.083628,0.069163,0.115428,0.089683,0.074375,0.008217,0.134324,0.103867,0.01615,0.067071,0.076034,1.0,0.195552,0.116709,0.086571,0.084708,0.018103,0.025031,0.007636,0.12267,0.073556,0.076479,0.001354,0.123028,0.172103,0.073465,0.067293,0.071763,0.05095,0.049724,0.164323,0.085271,0.010114,0.062816,0.127062,0.070755,0.175609,0.00135
Colon_Transverse,0.019891,0.089431,0.112181,0.134442,0.094533,0.093788,0.126899,0.090792,0.152071,0.136507,0.157708,0.102348,0.07071,0.114915,0.105096,0.079621,0.006951,0.123062,0.12072,0.015377,0.05639,0.066293,0.195552,1.0,0.118015,0.088764,0.089658,0.026134,0.040357,0.002865,0.134533,0.090984,0.060147,0.00155,0.093937,0.156318,0.083921,0.058775,0.080723,0.068695,0.072588,0.173453,0.105046,0.01002,0.060846,0.091248,0.063853,0.147697,0.005171
Esophagus_Gastroesophageal_Junction,0.026125,0.082977,0.134615,0.137128,0.136925,0.146301,0.111756,0.07419,0.131066,0.112163,0.115759,0.098121,0.074697,0.107133,0.102273,0.075019,0.011192,0.105754,0.088595,0.029949,0.064898,0.055336,0.116709,0.118015,1.0,0.173127,0.19685,0.047896,0.072641,0.001994,0.098684,0.142776,0.086412,0.00154,0.088053,0.12439,0.073377,0.052603,0.073145,0.081725,0.061548,0.078298,0.092679,0.018464,0.087478,0.092946,0.090852,0.073338,0.004612
Esophagus_Mucosa,0.023256,0.075055,0.097394,0.093691,0.097436,0.100248,0.072308,0.054522,0.09385,0.081386,0.089492,0.06785,0.057269,0.085212,0.083709,0.052048,0.004108,0.075053,0.074065,0.032988,0.063222,0.038835,0.086571,0.088764,0.173127,1.0,0.111706,0.043398,0.058528,0.000455,0.086233,0.139095,0.074884,0.00203,0.064795,0.086402,0.054662,0.048271,0.06422,0.080632,0.075301,0.061169,0.083095,0.011396,0.072325,0.072629,0.067815,0.058242,0.006079
Esophagus_Muscularis,0.025445,0.036412,0.084449,0.088519,0.100932,0.12,0.063252,0.057749,0.069049,0.051031,0.068698,0.049863,0.050792,0.072956,0.08403,0.05642,0.004329,0.051278,0.057936,0.034839,0.040609,0.029267,0.084708,0.089658,0.19685,0.111706,1.0,0.055556,0.072848,0.001577,0.06559,0.120676,0.053571,0.0,0.06743,0.067209,0.052168,0.0504,0.075893,0.061325,0.040367,0.050329,0.06015,0.018494,0.069727,0.068484,0.050673,0.054745,0.007205
Heart_Atrial_Appendage,0.01107,0.03252,0.024073,0.022541,0.046045,0.031419,0.021257,0.01962,0.019376,0.014363,0.01467,0.022115,0.016329,0.018388,0.027418,0.019267,0.002532,0.013274,0.014649,0.022727,0.027829,0.007758,0.018103,0.026134,0.047896,0.043398,0.055556,1.0,0.091811,0.000729,0.018477,0.053856,0.013836,0.0,0.02139,0.013814,0.023297,0.015605,0.021229,0.036398,0.018613,0.011403,0.020524,0.012712,0.017885,0.017652,0.010926,0.009365,0.0
Heart_Left_Ventricle,0.022444,0.03629,0.031986,0.032238,0.037563,0.051208,0.040037,0.048619,0.040206,0.025433,0.032866,0.04,0.039886,0.044321,0.053717,0.041642,0.007576,0.022594,0.030657,0.02267,0.04802,0.011843,0.025031,0.040357,0.072641,0.058528,0.072848,0.091811,1.0,0.003324,0.034646,0.075512,0.011886,0.00678,0.036378,0.026436,0.039024,0.025727,0.025391,0.049612,0.023578,0.016721,0.028683,0.035912,0.027008,0.01576,0.019138,0.018772,0.003311
Kidney_Cortex,0.0,0.001175,0.004561,0.00352,0.001024,0.000991,0.010723,0.011703,0.008808,0.008527,0.009842,0.012619,0.017595,0.011786,0.009352,0.008563,0.008953,0.008856,0.012707,0.0,0.003226,0.009637,0.007636,0.002865,0.001994,0.000455,0.001577,0.000729,0.003324,1.0,0.009912,0.000518,0.011018,0.0,0.002262,0.007411,0.004087,0.003798,0.003035,0.001244,0.0024,0.009199,0.0044,0.000765,0.004223,0.004521,0.01221,0.007738,0.0
Liver,0.010977,0.071757,0.111702,0.092593,0.066255,0.071337,0.112552,0.06116,0.141327,0.134229,0.133217,0.076504,0.054989,0.094132,0.086787,0.063768,0.0054,0.14923,0.10431,0.015226,0.060835,0.081871,0.12267,0.134533,0.098684,0.086233,0.06559,0.018477,0.034646,0.009912,1.0,0.069599,0.070476,0.0,0.066847,0.144127,0.071126,0.048153,0.06258,0.039264,0.05007,0.110916,0.09498,0.008416,0.061891,0.067348,0.073349,0.132215,0.001562
Lung,0.037453,0.075812,0.100155,0.091392,0.116009,0.090318,0.061043,0.046837,0.074564,0.059589,0.070889,0.060212,0.040654,0.073392,0.075596,0.040739,0.0,0.057695,0.051077,0.056194,0.059834,0.033071,0.073556,0.090984,0.142776,0.139095,0.120676,0.053856,0.075512,0.000518,0.069599,1.0,0.066691,0.004196,0.066374,0.07345,0.061212,0.057708,0.088823,0.072266,0.070175,0.055428,0.054881,0.019206,0.067506,0.06675,0.055176,0.043754,0.00277
Minor_Salivary_Gland,0.009725,0.02728,0.071159,0.062684,0.047852,0.054333,0.061551,0.039632,0.074018,0.084957,0.096845,0.059145,0.053856,0.071674,0.062341,0.039601,0.007627,0.087236,0.060863,0.019239,0.038685,0.058876,0.076479,0.060147,0.086412,0.074884,0.053571,0.013836,0.011886,0.011018,0.070476,0.066691,1.0,0.00088,0.060853,0.082858,0.039591,0.036891,0.053951,0.033476,0.031131,0.061583,0.060227,0.005556,0.056808,0.061404,0.059801,0.079417,0.001317
Muscle_Skeletal,0.007692,0.0,0.002803,0.000739,0.001348,0.001238,0.001924,0.002048,0.0012,0.000709,0.001335,0.001252,0.001048,0.001464,0.001044,0.002008,0.0,0.000485,0.000616,0.007937,0.001037,0.000407,0.001354,0.00155,0.00154,0.00203,0.0,0.0,0.00678,0.0,0.0,0.004196,0.00088,1.0,0.001998,0.000698,0.0,0.0,0.0,0.002519,0.004376,0.001193,0.00077,0.0,0.000858,0.000991,0.00153,0.000535,0.0
Nerve_Tibial,0.021978,0.039409,0.102693,0.089427,0.053659,0.097919,0.07481,0.053694,0.073049,0.071913,0.089052,0.055521,0.05118,0.07448,0.057174,0.052141,0.012265,0.074069,0.046443,0.02112,0.041667,0.054568,0.123028,0.093937,0.088053,0.064795,0.06743,0.02139,0.036378,0.002262,0.066847,0.066374,0.060853,0.001998,1.0,0.088776,0.034411,0.059399,0.064888,0.067954,0.053246,0.064418,0.046746,0.011225,0.066964,0.10221,0.041773,0.092297,0.001986
Ovary,0.017418,0.05596,0.116067,0.113703,0.080975,0.081633,0.122135,0.069641,0.148209,0.146404,0.151713,0.080074,0.058026,0.095313,0.083921,0.066258,0.005512,0.152454,0.108506,0.016399,0.06123,0.09884,0.172103,0.156318,0.12439,0.086402,0.067209,0.013814,0.026436,0.007411,0.144127,0.07345,0.082858,0.000698,0.088776,1.0,0.077893,0.05349,0.065038,0.040718,0.046188,0.13807,0.074909,0.009602,0.06303,0.094779,0.098039,0.184992,0.001395
Pancreas,0.007246,0.050642,0.050523,0.048496,0.065513,0.035281,0.060176,0.046134,0.077599,0.065413,0.070962,0.054602,0.039914,0.062286,0.059576,0.033361,0.001623,0.064708,0.063317,0.014652,0.047927,0.040266,0.073465,0.083921,0.073377,0.054662,0.052168,0.023297,0.039024,0.004087,0.071126,0.061212,0.039591,0.0,0.034411,0.077893,1.0,0.031867,0.052885,0.038404,0.036717,0.068397,0.072941,0.007484,0.052967,0.048999,0.036967,0.047979,0.000996
Pituitary,0.010767,0.028677,0.058308,0.055615,0.042049,0.053058,0.045226,0.040359,0.046298,0.039987,0.055166,0.033196,0.041135,0.054997,0.044874,0.045432,0.00576,0.041902,0.032818,0.0191,0.040709,0.031533,0.067293,0.058775,0.052603,0.048271,0.0504,0.015605,0.025727,0.003798,0.048153,0.057708,0.036891,0.0,0.059399,0.05349,0.031867,1.0,0.048229,0.037717,0.045543,0.046,0.037858,0.018492,0.036564,0.057069,0.027797,0.046601,0.001555
Prostate,0.018433,0.038365,0.081724,0.062532,0.061746,0.068399,0.054679,0.034467,0.053938,0.05055,0.062644,0.040607,0.041439,0.064349,0.056985,0.037344,0.007007,0.058196,0.048168,0.034078,0.0482,0.042913,0.071763,0.080723,0.073145,0.06422,0.075893,0.021229,0.025391,0.003035,0.06258,0.088823,0.053951,0.0,0.064888,0.065038,0.052885,0.048229,1.0,0.042572,0.046632,0.06374,0.058824,0.007117,0.05266,0.067191,0.038607,0.061466,0.002581
Skin_Not_Sun_Exposed_Suprapubic,0.024048,0.054414,0.055361,0.049002,0.077735,0.067325,0.03853,0.035874,0.039516,0.033962,0.041998,0.033854,0.028276,0.039693,0.039819,0.03416,0.001582,0.028478,0.028029,0.022177,0.042636,0.024946,0.05095,0.068695,0.081725,0.080632,0.061325,0.036398,0.049612,0.001244,0.039264,0.072266,0.033476,0.002519,0.067954,0.040718,0.038404,0.037717,0.042572,1.0,0.086788,0.039828,0.050031,0.004219,0.036193,0.034996,0.018921,0.031313,0.004975
Skin_Sun_Exposed_Lower_leg,0.030631,0.078613,0.044643,0.048481,0.055258,0.058425,0.032137,0.024691,0.043439,0.033786,0.040958,0.034985,0.022164,0.035516,0.036012,0.022691,0.001443,0.034139,0.034174,0.023423,0.037638,0.02477,0.049724,0.072588,0.061548,0.075301,0.040367,0.018613,0.023578,0.0024,0.05007,0.070175,0.031131,0.004376,0.053246,0.046188,0.036717,0.045543,0.046632,0.086788,1.0,0.044107,0.036331,0.009398,0.028151,0.046898,0.020079,0.037239,0.002155
Small_Intestine_Terminal_Ileum,0.013092,0.0625,0.082622,0.094265,0.069944,0.061598,0.099941,0.050569,0.134331,0.123552,0.119584,0.074814,0.046004,0.07846,0.059218,0.047432,0.006213,0.120665,0.093346,0.008833,0.049364,0.079756,0.164323,0.173453,0.078298,0.061169,0.050329,0.011403,0.016721,0.009199,0.110916,0.055428,0.061583,0.001193,0.064418,0.13807,0.068397,0.046,0.06374,0.039828,0.044107,1.0,0.091353,0.005422,0.042069,0.081998,0.051358,0.144824,0.001587
Spleen,0.007852,0.047872,0.084366,0.065077,0.076596,0.053959,0.068138,0.045645,0.085839,0.08571,0.089741,0.056864,0.047244,0.068901,0.062438,0.045147,0.005902,0.079434,0.080334,0.015141,0.056444,0.058957,0.085271,0.105046,0.092679,0.083095,0.06015,0.020524,0.028683,0.0044,0.09498,0.054881,0.060227,0.00077,0.046746,0.074909,0.072941,0.037858,0.058824,0.050031,0.036331,0.091353,1.0,0.005109,0.038184,0.062123,0.043052,0.066752,0.002304
Stomach,0.02451,0.007067,0.011394,0.010586,0.007362,0.011403,0.007235,0.003896,0.007111,0.004209,0.00699,0.00324,0.00607,0.007877,0.0091,0.007678,0.0,0.00529,0.004829,0.009852,0.008704,0.00476,0.010114,0.01002,0.018464,0.011396,0.018494,0.012712,0.035912,0.000765,0.008416,0.019206,0.005556,0.0,0.011225,0.009602,0.007484,0.018492,0.007117,0.004219,0.009398,0.005422,0.005109,1.0,0.013029,0.013035,0.005522,0.005535,0.0
Testis,0.014274,0.014851,0.067467,0.049497,0.043598,0.058983,0.059261,0.047657,0.068072,0.067714,0.08788,0.057859,0.05738,0.086106,0.066064,0.046696,0.011552,0.073874,0.05669,0.023274,0.043457,0.039827,0.062816,0.060846,0.087478,0.072325,0.069727,0.017885,0.027008,0.004223,0.061891,0.067506,0.056808,0.000858,0.066964,0.06303,0.052967,0.036564,0.05266,0.036193,0.028151,0.042069,0.038184,0.013029,1.0,0.06726,0.04876,0.056902,0.002566
Thyroid,0.011712,0.048763,0.075455,0.090656,0.060513,0.09284,0.058642,0.047254,0.068944,0.056316,0.07897,0.048223,0.041248,0.076501,0.064375,0.040552,0.008097,0.073189,0.056524,0.017273,0.047084,0.05639,0.127062,0.091248,0.092946,0.072629,0.068484,0.017652,0.01576,0.004521,0.067348,0.06675,0.061404,0.000991,0.10221,0.094779,0.048999,0.057069,0.067191,0.034996,0.046898,0.081998,0.062123,0.013035,0.06726,1.0,0.038413,0.101817,0.004946
Uterus,0.007479,0.019453,0.069698,0.065587,0.048209,0.052174,0.08282,0.047526,0.099605,0.117503,0.110815,0.069141,0.058556,0.082397,0.068378,0.050719,0.00507,0.106693,0.077166,0.01026,0.033934,0.062604,0.070755,0.063853,0.090852,0.067815,0.050673,0.010926,0.019138,0.01221,0.073349,0.055176,0.059801,0.00153,0.041773,0.098039,0.036967,0.027797,0.038607,0.018921,0.020079,0.051358,0.043052,0.005522,0.04876,0.038413,1.0,0.070259,0.000763
Vagina,0.017173,0.041811,0.09249,0.090968,0.043743,0.072478,0.120151,0.064218,0.145304,0.14989,0.159194,0.07371,0.060064,0.113487,0.088434,0.068415,0.009659,0.177757,0.108637,0.011041,0.063337,0.114642,0.175609,0.147697,0.073338,0.058242,0.054745,0.009365,0.018772,0.007738,0.132215,0.043754,0.079417,0.000535,0.092297,0.184992,0.047979,0.046601,0.061466,0.031313,0.037239,0.144824,0.066752,0.005535,0.056902,0.101817,0.070259,1.0,0.000802
Whole_Blood,0.0,0.0,0.002791,0.001473,0.005369,0.003695,0.00128,0.001359,0.001198,0.001062,0.001715,0.000416,0.001044,0.001826,0.003652,0.003338,0.0,0.000161,0.002154,0.007576,0.004137,0.001221,0.00135,0.005171,0.004612,0.006079,0.007205,0.0,0.003311,0.0,0.001562,0.00277,0.001317,0.0,0.001986,0.001395,0.000996,0.001555,0.002581,0.004975,0.002155,0.001587,0.002304,0.0,0.002566,0.004946,0.000763,0.000802,1.0
